41525655
325412563
21955241
(31) 900777170
(98) 957537828
(60) 938058681
(49) 918173857
(71) 957662266
(89) 964307211
(26) 958977421
(57) 910412299
(05) 954739923
(55) 972226713
(58) 965691589
(56) 993168974
(77) 904251224
(51) 940346370
(97) 967025261
(89) 986588718
(28) 982012265
(81) 917053787
(16) 981090438
(28) 913033793
(56) 913193558
(16) 910965926
(27) 934015657
(65) 917422457
(28) 926742389
(15) 941453085
(37) 900036831
(51) 947948746
(43) 907319165
(75) 934869232
(09) 924063907
(44) 977978366
(15) 972653948
(97) 927286269
(69) 934859683
(76) 937153591
(40) 997829002
(73) 914980654
(07) 982402223
(73) 954105519
(16) 990358762
(79) 995606445
(75) 908974129
(71) 911385480
(29) 936011850
(35) 974873596
(73) 934140974
(49) 905412270
(06) 921075011
(96) 910890790
(39) 921326953
(30) 903973972
(34) 968678451
(27) 942890472
(06) 995886261
(96) 973337528
(31) 922744025
(84) 905476866
(01) 986117456
(72) 966130425
(85) 991433616
(35) 915638117
(67) 94633212
(06) 907721213
(39) 970198377
(59) 910577689
(24) 982673725
(91) 977909790
(37) 915840147
(37) 902032740
(06) 914410077
(33) 956067429
(25) 967147928
(68) 94298-2320
(44) 966742982
(84) 985231370
(98) 978031283
(08) 938178294
(84) 94873607
(24) 936937972
(88) 904176281
(93) 935678968
(37) 996918746
(63) 923520253
(00) 929710811
(18) 916325395
(31) 917532563
(57) 949749228
(28) 936251150
(96) 975207338
(30) 915450651
(62) 923120357
(20) 981103576
(31) 953886342
(22) 986139969
(6) 934802866
(01) 981767117
(26) 963560716
(60) 987085227
(78) 985223034
(89) 950212107
(89) 968786216
(16) 934970624
(04) 937035142
(58) 940948912
(91) 991460311
(56) 96236811
(07) 990514007
(36) 920691061
(33) 916530419
(13) 908782235
(99) 929717579
(07) 959458785
(38) 904948927
(73) 918652918
(27) 938936979
(38) 914012220
(88) 938274942
(35) 934856533
(27) 91846213
(38) 938439618
(44) 965874527
(32) 976788646
(34) 967229869
(84) 963745564
(02) 955996091
(86) 970275116
(73) 927583851
(50) 907209346
(66) 958027115
(37) 980882587
(59) 966918760
(45) 982038264
(00) 928422288
(52) 996128830
(90) 913499492
(22) 941473312
(92) 94185-4880
(95) 960106110
(79) 925175195
(20) 929289968
(65) 940821093
(17) 950446716
(08) 983212072
(50) 933833120
(30) 948343478
(00) 971901165
(60) 979470868
(70) 985529080
(59) 949141737
(85) 938113218
(23) 994568723
(77) 965457789
(69) 935926291
(92) 903719200
(08) 976486423
(85) 989156679
(68) 949125186
(14) 911826507
(52) 922710355
(84) 98177-3540
(48) 928096112
(82) 979083657
(74) 980597496
(14) 941851356
(77) 980519416
(82) 939881289
(93) 959717851
(13) 92768-1255
(85) 992574689
(62) 930769974
(25) 920217782
(67) 982797997
(84) 956194987
(73) 914632077
(96) 954351551
(01) 91788-9437
(28) 917673515
(00) 936938783
(74) 945186922
(77) 934302556
(44) 993486499
(31) 972205582
(22) 911540365
(08) 911016887
(65) 918894066
(63) 952722597
(47) 94664-5339
(51) 908216018
(51) 933196433
(20) 918325843
(87) 978415141
(96) 908196733
(82) 915751136
(45) 970638966
(87) 920235698
(93) 989533859
(71) 977986988
(79) 955107740
(05) 982373354
(32) 909152319