(98) 945465572
(92) 985700056
(24) 953646927
(02) 962507953
(86) 998619398
(32) 983936543
(29) 918861269
(48) 965440007
(36) 917090458
(69) 989078459
(68) 941878541
(34) 905167342
(03) 974005793
(77) 924935806
(12) 955799648
(32) 958041466
(42) 945411700
(82) 982165986
(00) 917091200
(74) 907680951
(99) 920249078
(18) 917044061
(31) 920989720
(19) 914302557
(25) 941235366
(75) 993524364
(53) 979058291
(58) 913832351
(64) 943536606
(66) 944410252
(74) 996691800
(06) 964758496
(75) 999694775
(26) 975719578
(33) 981802731
(87) 917334330
(49) 994480945
(09) 906200166
(66) 962163838
(59) 962500259
(71) 963993707
(87) 960572333
(63) 950215883
(25) 955306397
(21) 990589311
(44) 91989-5827
(40) 937945346
(27) 929896567
(76) 914511864
(50) 981091813
(72) 964318840
(17) 960008575
(77) 942323620
(85) 92294-4091
(15) 942366410
(56) 924240928
(35) 945512887
(58) 928517529
(48) 906378631
(97) 996997918
(27) 985622343
(83) 985525922
(06) 975298642
(12) 996068949
(93) 917730246
(07) 976715631
(38) 960278138
(47) 942661754
(06) 945261759
(96) 903011557
(34) 932562926
(85) 967004998
(45) 916506048
(10) 994868277
(73) 919487721
(18) 903973684
(05) 910324892
(83) 962308481
(79) 954067456
(47) 91198-6713
(55) 958512834
(71) 922465944
(70) 925029969
(94) 988406641
(24) 930228343
(99) 953096281
(97) 940329410
(32) 982287418
(92) 981231352
(69) 995527364
(53) 986546671
(51) 935811612
(40) 981569006
(84) 961266015
(96) 994370789
(31) 966070391
(13) 975789000
(49) 983784422
(97) 960767552
(31) 961947543
(031) 925512936
(03) 968211763
(10) 916334977
(53) 956323203
(47) 934195887
(04) 978885874
(83) 952685437
(30) 936947288
(23) 906925371
(57) 985352520
(42) 995669781
(00) 914274766
(48) 999401253
(35) 989628978
(74) 980078360
(07) 946370662
(36) 945399813
(41) 903266233
(18) 975805688
(73) 994173245
(39) 919980396
(005) 969108537
(46) 965081701
(56) 927574316
(06) 963697738
(62) 927093354
(76) 992301776
(63) 915455151
(86) 907486428
(17) 933381630
(40) 993126715
(70) 951667183
(15) 935103655
(59) 904550096
(09) 996915188
(24) 906079357
(88) 920131750
(01) 951177287
(15) 941596853
(00) 988163633
(94) 947894068
(96) 999129091
(60) 934504471
(68) 975120302
(28) 997972113
(89) 907143337
(59) 909778871
(061) 94211-8037
(71) 900738687
(77) 996640306
(04) 931826628
(79) 914504571
(09) 951437379
(94) 919512170
(96) 980109488
(96) 993253869
(09) 924023646
(65) 973586545
(24) 912230439
(85) 914027718
(66) 958842458
(80) 906477047
(91) 934275803
(73) 913775674
(26) 961905483
(76) 992154137
(26) 964130722
(61) 937721261
(45) 906963908
(54) 941963714
(73) 946288259
(05) 971913507
(46) 976368688
(06) 992294994
(12) 921707761
(38) 904465679
(37) 904509134
(47) 948630666
(44) 986928266
(35) 933370777
(25) 950278189
(27) 983864790
(54) 941704581
(32) 907669957
(25) 949627417
(28) 923918327
(77) 968269087
(91) 950127747
(54) 988223182
(20) 949288761
(79) 979782265
(99) 948805495
(92) 969388839
(42) 951005449
(07) 917214357
(54) 955348196
(47) 917312368
(06) 916157826
(13) 999298550
(58) 983966502
(75) 99390-7785