1155236241
(21) 99140-5552
2563214-6
1126569985
142336521402
21 99798-3784
31) 900777170
(98) 957537828
(60) 938058681
(49) 918173857
(71) 957662266
(89) 964307211
(26) 958977421
(57) 910412299
(05) 954739923
(55) 972226713
(58) 965691589
(56) 993168974
(77) 904251224
(51) 940346370
(97) 967025261
(89) 986588718
(28) 982012265
(81) 917053787
(16) 981090438
(28) 913033793
(56) 913193558
(16) 910965926
(27) 934015657
(65) 917422457
(28) 926742389
(15) 941453085
(37) 900036831
(51) 947948746
(43) 907319165
(75) 934869232
(09) 924063907
(44) 977978366
(15) 972653948
(97) 927286269
(69) 934859683
(76) 937153591
(40) 997829002
(73) 914980654
(07) 982402223
(73) 954105519
(16) 990358762
(79) 995606445
(75) 908974129
(71) 911385480
(29) 936011850
(35) 974873596
(73) 934140974
(49) 905412270
(06) 921075011
(96) 910890790
(39) 921326953
(30) 903973972
(34) 968678451
(27) 942890472
(06) 995886261
(96) 973337528
(31) 922744025
(84) 905476866
(01) 986117456
(72) 966130425
(85) 991433616
(35) 915638117
(67) 94633212
(06) 907721213
(39) 970198377
(59) 910577689
(24) 982673725
(91) 977909790
(37) 915840147
(37) 902032740
(06) 914410077
(33) 956067429
(25) 967147928
(68) 94298-2320
(44) 966742982
(84) 985231370
(98) 978031283
(08) 938178294
(84) 94873607
(24) 936937972
(88) 904176281
(93) 935678968
(37) 996918746
(63) 923520253
(00) 929710811
(18) 916325395
(31) 917532563
(57) 949749228
(28) 936251150
(96) 975207338
(30) 915450651
(62) 923120357
(20) 981103576
(31) 953886342
(22) 986139969
(6) 934802866
(01) 981767117
(26) 963560716
(60) 987085227
(78) 985223034
(89) 950212107
(89) 968786216
(16) 934970624
(04) 937035142
(58) 940948912
(91) 991460311
(56) 96236811
(07) 990514007
(36) 920691061
(33) 916530419
(13) 908782235
(99) 929717579
(07) 959458785
(38) 904948927
(73) 918652918
(27) 938936979
(38) 914012220
(88) 938274942
(35) 934856533
(27) 91846213
(38) 938439618
(44) 965874527
(32) 976788646
(34) 967229869
(84) 963745564
(02) 955996091
(86) 970275116
(73) 927583851
(50) 907209346
(66) 958027115
(37) 980882587
(59) 966918760
(45) 982038264
(00) 928422288
(52) 996128830
(90) 913499492
(22) 941473312
(92) 94185-4880
(95) 960106110
(79) 925175195
(20) 929289968
(65) 940821093
(17) 950446716
(08) 983212072
(50) 933833120
(30) 948343478
(00) 971901165
(60) 979470868
(70) 985529080
(59) 949141737
(85) 938113218
(23) 994568723
(77) 965457789
(69) 935926291
(92) 903719200
(08) 976486423
(85) 989156679
(68) 949125186
(14) 911826507
(52) 922710355
(84) 98177-3540
(48) 928096112
(82) 979083657
(74) 980597496
(14) 941851356
(77) 980519416
(82) 939881289
(93) 959717851
(13) 92768-1255
(85) 992574689
(62) 930769974
(25) 920217782
(67) 982797997
(84) 956194987
(73) 914632077
(96) 954351551
(01) 91788-9437
(28) 917673515
(00) 936938783
(74) 945186922
(77) 934302556
(44) 993486499
(31) 972205582
(22) 911540365
(08) 911016887
(65) 918894066
(63) 952722597
(47) 94664-5339
(51) 908216018
(51) 933196433
(20) 918325843
(87) 978415141
(96) 908196733
(82) 915751136
(45) 970638966
(87) 920235698
(93) 989533859
(71) 977986988
(79) 955107740
(05) 982373354
(32) 909152319
[21:08, 08/02/2023] +55 21 99798-3784: (70) 979009326
(49) 98571969
(81) 920553842
(51) 964238588
(12) 912983388
(32) 992283508
(29) 978775885
(45) 982400290
(60) 941769635
(07) 919947358
(35) 970253817
(60) 978643652
(66) 954420634
(23) 914038723
(45) 923551017
(48) 950339547
(44) 932919282
(74) 993003992
(57) 968565923
(46) 952824497
(40) 989520499
(19) 903666714
(37) 970268739
(23) 926866412
(08) 928538762
(12) 960927175
(63) 94823100
(6) 988445783
(47) 937982434
(57) 986966160
(21) 986560781
(83) 939528314
(60) 957691851
(14) 953408708
(37) 973277174
(85) 922220851
(00) 962139787
(51) 911706034
(66) 973844114
(22) 993953991
(12) 953538610
(64) 931095024
(96) 939245236
(30) 968190608
(35) 959484506
(47) 965815587
(32) 977683066
(32) 961309430
(61) 936349591
(03) 96864993
934137696
(20) 997240623
(00) 916354604
(57) 973664094
(92) 963270541
(88) 924190855
(56) 922006996
(99) 918797574
(52) 905149494
(70) 979951216
(93) 926225390
(59) 928792443
(3) 981327851
(71) 928966676
(20) 966805112
(72) 905557025
(92) 900962325
(22) 972151690
(31) 907904735
(45) 944143533
(07) 936151372
(30) 971063257
(05) 953802551
(5) 96202141
(56) 918673214
(86) 955229787
(15) 956473131
(27) 989071427
(30) 957224180
(59) 910316748
(76) 928785315
(32) 927265317
(67) 920021588
(67) 951288394
(95) 947084065
(67) 919191722
(05) 954685221
(86) 935802740
(91) 957206048
(61) 970687208
(48) 979712665
(90) 946336457
(88) 995284605
(84) 924134385
(59) 915510821
(99) 987512993
(08) 902871656
(79) 940097303
(57) 92310956
(55) 908115856
(01) 919357109
(95) 953993861
(41) 921402899
(51) 994288535
(98) 930491821
(75) 913161870
(88) 998447527
(36) 986673826
(23) 973986998
(77) 992318735
(03) 967924290
(08) 989623395
(14) 919592758
(87) 905718247
(91) 927410957
(15) 981108055
(24) 906795568
(47) 92074932
(69) 926847375
(46) 917746211
(13) 926893082
(77) 961705344
(26) 939536885
(73) 934684211
(04) 955276958
(59) 937848734
(03) 906237179
(35) 919783274
(72) 937148682
(15) 965099326
(15) 944469406
(04) 965998307
(81) 905747777
(17) 988361991
(48) 903705803
(97) 981641883
(61) 950804468
(52) 975637022
(38) 918273522
(83) 900279255
(52) 99175533
(42) 962211117
(56) 967085935
(64) 935058346
(64) 927998562
(94) 913137594
(66) 912693760
(57) 959034123
(74) 918606739
(59) 936684210
(42) 970323021
(97) 908543034
(93) 987136847
(20) 998361930
(13) 928000123
(91) 986793608
(07) 917306270
(85) 999195048
(73) 941828737
(07) 924375899
(66) 921968085
(70) 981261881
(49) 993087385
(50) 952105922
(72) 977400305
(36) 950020219
(22) 94835015
(21) 927919464
(63) 949778583
(61) 995385351
(48) 961697039
(24) 933797670
(66) 947514243
(79) 957919202
(07) 993939753
(00) 935137562
(85) 909860410
(83) 936058333
(74) 921736832
(47) 947670233
(41) 913456289
(02) 934416259
(87) 960179804
(80) 940831423
(57) 953553387
(33) 946470106
(35) 943151537
(13) 968716785
(74) 92470-7071
(27) 910264600
(17) 993177821
(82) 917203835
(90) 929813410
(10) 957585310
(17) 926180005
(81) 905675011
(63) 972569504
(22) 928901266
(81) 91736-8721
(86) 959595574
(95) 949351501